.Random.seed <-
c(403L, 10L, 1148950690L, -1797515372L, 1235072535L, -1251122675L, 
-2060749020L, 1375089418L, 1438236277L, -1064108593L, 1012606678L, 
-34035072L, 917247171L, -1566649759L, -1274631472L, 563137582L, 
-950984231L, -919093781L, -1179789222L, 914119196L, 100612895L, 
1100738421L, -319736308L, 2120118242L, -2130045763L, 1770263351L, 
-812418082L, -1138542312L, -1146352517L, -1720634855L, 1362473640L, 
-1059235754L, -645942063L, -1688416125L, -1183784174L, 177632932L, 
1044062823L, 2001779645L, -715377356L, -622948710L, 376315109L, 
-1742545281L, 2078115846L, -1884279920L, -653724109L, 2063623633L, 
1816639360L, -963204514L, 298291625L, -140967845L, -1038952342L, 
-1728956148L, 1238618959L, -493318139L, 1761029820L, 606775186L, 
-881339251L, 1851495111L, 997393326L, -1333748216L, 1455624715L, 
1201357545L, -990483016L, -179434906L, -807651583L, 35438995L, 
-649569726L, -2058867212L, -1170712585L, -1077195795L, -718248828L, 
827439786L, 323858453L, -2031945553L, -988506442L, -766974752L, 
-949671901L, -382748863L, 2041035312L, -999774130L, 1057740985L, 
1876167883L, 982634874L, 154225788L, -211507009L, -2012160619L, 
1128570284L, 372799362L, -1095443107L, 579720279L, -214256834L, 
310516600L, -1160193957L, 888463289L, 1632853512L, 313511094L, 
1020222449L, -2087999965L, -1254238606L, -819983164L, -627324281L, 
2098872925L, 2011743316L, -957231494L, 600632773L, -1289597153L, 
-789431642L, 963968048L, 1268408019L, 1727282417L, -583182304L, 
378699454L, 421354185L, -63950725L, -469553590L, -1142007124L, 
-2049847889L, 1266679141L, 1944382236L, -1997926542L, 1000711149L, 
78079015L, 381353038L, 2054897832L, 580513451L, 143920073L, 1600563160L, 
1501507206L, 1689663329L, 480668403L, -855001758L, -1226882092L, 
463890135L, -1416917811L, 1117408356L, -807402934L, 1597245365L, 
-927343857L, -836081642L, 785281728L, 1805616259L, 2051928225L, 
-1608649072L, -1235212946L, -422309095L, 1349097387L, -1382959718L, 
1262670172L, 704850015L, 669149237L, -1731826740L, -623190238L, 
1498415485L, -1380472201L, 1238381470L, -784858536L, 301771707L, 
1974984025L, -1854761240L, 927524630L, 1522837649L, 1755964739L, 
1669111890L, -1178074396L, 321852711L, 1813802365L, -232725388L, 
800599642L, 2105891493L, -429891393L, 846242630L, 590705104L, 
-1548790797L, -416453871L, -88941760L, 657941278L, 1562864617L, 
1415323931L, -991208662L, -1531519924L, 259822607L, 457531205L, 
-496813828L, -319043758L, -2054485811L, 1327978631L, 990006126L, 
-2020696760L, 360974667L, -580690775L, 1956773368L, -317938394L, 
-1043343807L, -746627117L, 1307768194L, 1764759988L, 2078336311L, 
-254857171L, -898040508L, -1041270166L, -1355344683L, -778198417L, 
-987756682L, -1976342368L, -271564445L, -1342696959L, -1415208592L, 
-1676050162L, 1870099321L, -644596981L, -1778817990L, 44008252L, 
1751816319L, -731546667L, 1462572524L, -2124294334L, -1274439523L, 
663363863L, -1902364546L, 790040632L, -821655781L, -455441287L, 
1560349896L, 1073929462L, -742122191L, 615578979L, 1401642802L, 
657070212L, -1598798649L, -2052744976L, -1347680444L, -1963130792L, 
-2124514758L, 1635772656L, 1370944188L, -204058092L, -492073790L, 
-426138016L, -1069599364L, -732803888L, -708207582L, 589826216L, 
931544460L, 304032188L, -309700558L, 372472640L, 1585972916L, 
-1912786616L, 1778590394L, 208066320L, 1931512044L, 1063917652L, 
1965551378L, 1775763872L, -1726492724L, 1348654944L, -1320094526L, 
-381854168L, -830010964L, 637555516L, -1351863438L, 181573424L, 
287860772L, -1703313864L, 953340634L, 2021336976L, -1925288708L, 
-1550002796L, -296938686L, -1327150592L, -154490820L, 1131899472L, 
997228706L, -1899064504L, -906567156L, -187223332L, -597104558L, 
982658176L, -1858539692L, -361529368L, -1139672326L, -1467531440L, 
47617068L, 1747677556L, 1641412242L, -1240982944L, -1715119988L, 
-1850537632L, 1955948770L, 1501291688L, -1457496372L, 629467644L, 
1497281458L, 750975984L, -1792005692L, 1873882456L, -1704191622L, 
889002416L, 1050141116L, -976744876L, -357320254L, 46975776L, 
-454239300L, 1182265424L, -1542675486L, -2123774104L, -163487924L, 
-500920580L, 1854934770L, -632107776L, 95577204L, 1014722056L, 
-1876591174L, -1508997680L, 1521266668L, 488672148L, 1877225682L, 
1759100000L, 495023436L, 56331040L, 986577538L, -675667480L, 
1278698476L, -717089220L, -1514946958L, 541979504L, -47592156L, 
1360779832L, 452432282L, -837106224L, -1813191236L, -1247852908L, 
-1261731198L, 1253905856L, 440676156L, -1454476656L, 1724770082L, 
1046763016L, 260932364L, -1138238564L, -831519726L, 158847872L, 
-546895084L, 1343075624L, 395743290L, -1003146288L, -23143828L, 
-1110295500L, 1508186258L, -2063974048L, 86158668L, -1033024032L, 
1207612322L, -182711384L, 1140477068L, -647330884L, 1499184242L, 
1386960880L, -1207954364L, -713705384L, -970301382L, -1422348176L, 
-1527687620L, -191097068L, -604198206L, 806507232L, 230837372L, 
-1674642224L, 1489816482L, 359345704L, -1030850292L, 1714313148L, 
35383602L, 1613701312L, 806060596L, -1252554040L, 823311034L, 
1842742416L, -401410324L, -1100063148L, -1584167278L, -319023328L, 
-938653748L, -1590615840L, 1204633282L, 99091496L, 480807852L, 
-1220896068L, 1482050034L, -1622714832L, -1834170460L, -1462660680L, 
1477702490L, 1922626704L, 91683708L, -116099308L, -133149374L, 
-1419788544L, 1930949564L, 336203600L, -974628574L, 1846714952L, 
729182220L, -1257638820L, 792379858L, 1987501568L, -1801850540L, 
-1101172504L, 231903482L, 1740015312L, -918482644L, 1451462900L, 
574467474L, -803755680L, -1240471540L, -529538336L, -2075461022L, 
-952855896L, -1453757876L, 997072764L, -1330199246L, -1797966224L, 
724964164L, -1698912296L, -296888454L, 681174576L, -1032923204L, 
616412756L, -286547902L, 232894624L, -1335036228L, 23984592L, 
-97922206L, 327283432L, -404905780L, -2047335940L, -717397518L, 
348433024L, 439967220L, -455432568L, -967893190L, -1776004272L, 
-937882516L, 957870484L, 1052308562L, 5947872L, 1010658508L, 
677135520L, -274889342L, -520558360L, 1804818156L, 1533297980L, 
1146575986L, -1220986768L, 1678061604L, 600792120L, -1277013897L, 
328587392L, -257368354L, 1774400939L, 1931282093L, -1525753062L, 
-1803959336L, 946348097L, -789885197L, 22098196L, -495860574L, 
1008017847L, 1223550337L, -1455656058L, 302203332L, 67578101L, 
868739423L, -1511840840L, -1546451306L, -121859933L, 588323429L, 
-805613694L, 1081492720L, -81666919L, 524743819L, 1157102972L, 
1868385194L, 367561695L, -1713839767L, 108973438L, 1934380396L, 
2141902269L, 1618531975L, -649907600L, -267511538L, -1731525061L, 
20567325L, 659341258L, -1335719704L, 1034521553L, -1785598525L, 
1030760132L, 125578610L, -1262583737L, -1970928623L, 1708647830L, 
-752027404L, 493662853L, 1859156943L, 653112008L, -1871342746L, 
1527114131L, -59579659L, -1189676334L, 1147692320L, -1764831991L, 
-1728734661L, 1074958220L, -490795494L, -371132785L, 2067010009L, 
247965294L, 1900807676L, -992542867L, 2083825943L, 644187360L, 
715352766L, 106227851L, 1759450893L, -1218627782L, -1259335816L, 
816784673L, 728643027L, 1619989748L, 1112583554L, 203413527L, 
-2032886047L, 1190938662L, -443183836L, -1638746667L, -1626506881L, 
-2097797096L, 1431672630L, 1605267907L, -1833467899L, -1594989662L, 
1521102736L, -1900999879L, 116858859L, -1178877732L, 1408844042L, 
-1022406657L, -569875895L, -1041266722L, -1051490420L, 882677597L, 
70913895L, 1675130000L, 4807342L, -741230757L, -1491695811L, 
197195178L, -757646776L, 234625649L, 1702165475L, -1331501340L, 
-1032995310L, -1773532697L, 1406428593L, -1426594826L, -1332752876L, 
1447137573L, 1324317231L, 971210728L, 1574955206L, -793350797L, 
-1141344811L, 1851931058L, -837994624L, -1476056215L, -1761337381L, 
-1877588180L, -1245533894L, -1247717393L, -192634247L, -1421712114L, 
-2097640228L, -833805491L, 1422944951L, 286984256L, -116283106L, 
1835709419L, -1087029395L, 1942287834L, -527972456L, 1453131265L, 
